4 0.555288 0.49399 0.399038 0.473558 0.934989
4 0.409856 0.544471 0.237981 0.247596 0.911256
4 0.661058 0.546875 0.235577 0.247596 0.913736
4 0.893029 0.543269 0.209135 0.240385 0.925333
4 0.168269 0.546875 0.235577 0.247596 0.927737
4 0.899038 0.28125 0.201923 0.245192 0.932336
4 0.423077 0.282452 0.230769 0.242788 0.938985
4 0.171875 0.283654 0.237981 0.25 0.941661
4 0.667067 0.282452 0.228365 0.247596 0.943406
4 0.409856 0.544471 0.237981 0.247596 0.911256
4 0.661058 0.546875 0.235577 0.247596 0.913736
4 0.893029 0.543269 0.209135 0.240385 0.925333
4 0.168269 0.546875 0.235577 0.247596 0.927737
4 0.899038 0.28125 0.201923 0.245192 0.932336
4 0.423077 0.282452 0.230769 0.242788 0.938985
4 0.171875 0.283654 0.237981 0.25 0.941661
4 0.667067 0.282452 0.228365 0.247596 0.943406
4 0.409856 0.544471 0.237981 0.247596 0.911256
4 0.661058 0.546875 0.235577 0.247596 0.913736
4 0.893029 0.543269 0.209135 0.240385 0.925333
4 0.168269 0.546875 0.235577 0.247596 0.927737
4 0.899038 0.28125 0.201923 0.245192 0.932336
4 0.423077 0.282452 0.230769 0.242788 0.938985
4 0.171875 0.283654 0.237981 0.25 0.941661
4 0.667067 0.282452 0.228365 0.247596 0.943406
4 0.74399 0.475962 0.449519 0.644231 0.938842
4 0.735577 0.403846 0.225962 0.264423 0.926343
4 0.278846 0.40625 0.225962 0.264423 0.930525
4 0.737981 0.71274 0.225962 0.271635 0.935384
4 0.28125 0.713942 0.225962 0.269231 0.93627
4 0.735577 0.403846 0.225962 0.264423 0.926343
4 0.278846 0.40625 0.225962 0.264423 0.930525
4 0.737981 0.71274 0.225962 0.271635 0.935384
4 0.28125 0.713942 0.225962 0.269231 0.93627
21 0.407452 0.127404 0.108173 0.0480769 0.906811
21 0.407452 0.127404 0.108173 0.0480769 0.906811
21 0.407452 0.127404 0.108173 0.0480769 0.906811
4 0.63101 0.265625 0.15625 0.233173 0.893009
4 0.408654 0.545673 0.235577 0.25 0.911259
4 0.661058 0.545673 0.235577 0.25 0.916066
4 0.893029 0.542067 0.209135 0.242788 0.925326
4 0.169471 0.546875 0.233173 0.247596 0.927634
4 0.899038 0.28125 0.201923 0.245192 0.933198
4 0.170673 0.283654 0.235577 0.25 0.94023
4 0.667067 0.282452 0.228365 0.247596 0.94114
4 0.424279 0.282452 0.228365 0.242788 0.941637
4 0.408654 0.545673 0.235577 0.25 0.911259
4 0.661058 0.545673 0.235577 0.25 0.916066
4 0.893029 0.542067 0.209135 0.242788 0.925326
4 0.169471 0.546875 0.233173 0.247596 0.927634
4 0.899038 0.28125 0.201923 0.245192 0.933198
4 0.170673 0.283654 0.235577 0.25 0.94023
4 0.667067 0.282452 0.228365 0.247596 0.94114
4 0.424279 0.282452 0.228365 0.242788 0.941637
10 0.199519 0.307692 0.120192 0.192308 0.935395
15 0.7225 0.224082 0.17 0.217063 0.932915
15 0.7225 0.224082 0.17 0.217063 0.932915
8 0.643029 0.430288 0.165865 0.129808 0.67485
15 0.487981 0.463942 0.581731 0.745192 0.871635
